function mpc = case30_disp_self
%T_AUCTION_CASE    Power flow data for testing auction code.
%   Please see CASEFORMAT for details on the case file format.

%   MATPOWER       

% [PQ, PV, REF, NONE, BUS_I, BUS_TYPE, PD, QD, GS, BS, BUS_AREA, VM, ...
%     VA, BASE_KV, ZONE, VMAX, VMIN, LAM_P, LAM_Q, MU_VMAX, MU_VMIN] = idx_bus;
% [GEN_BUS, PG, QG, QMAX, QMIN, VG, MBASE, GEN_STATUS, PMAX, PMIN, ...
%     MU_PMAX, MU_PMIN, MU_QMAX, MU_QMIN, PC1, PC2, QC1MIN, QC1MAX, ...
%     QC2MIN, QC2MAX, RAMP_AGC, RAMP_10, RAMP_30, RAMP_Q, APF] = idx_gen;
% [PW_LINEAR, POLYNOMIAL, MODEL, STARTUP, SHUTDOWN, NCOST, COST] = idx_cost;
% [QUANTITY, PRICE, FCOST, VCOST, SCOST, PENALTY] = idx_disp;

%%-----  Power Flow Data  -----%%
%% system MVA base
mpc.version = '2';
mpc.baseMVA = 100;

%本文从t_auction_case修改过来
%% bus data
%Pd就表示了这个节点上的负荷，相当于load了,这些load都是固定load，要将其转为可变的（比如线性需求曲线）,可以将该节点的load变0，然后在gen中加入可调度负荷，具体实现可以直接使用内置函数mpc = loadcase('case9');   mpc = load2disp(mpc, 'l', 'pwl', [], 0);
% 1PQ节点：也称为负荷节点(两个都没定义为PQ)，该节点的电压和相位是未知的，负载的有功和无功都是已知的，因此需要通过潮流计算来求解该节点的电压和相位。
% 2PV节点：也称为发电节点（两个都有定义为PV），该节点的电压幅值是已知的，有功和无功都是未知的，因此需要通过潮流计算来求解有功和无功。
% 3REF节点：也称为基准节点，该节点的电压幅值和相位都是已知的，通常用于设定电网电压的基准值。
%	bus_i	type	Pd	Qd	Gs	Bs	area	Vm	Va	baseKV	zone	Vmax	Vmin
mpc.bus = [ %未修改
	1	3	0	0	0	0	1	1	0	135	1	1.05	0.95;
	2	2	5.04485072	2.95251632	0	0	1	1	0	135	1	1.1	0.95;
	3	1	22.3182336	11.1591168	0	0	1	1	0	135	1	1.05	0.95;
	4	1	8.8343008	1.8598528	0	0	1	1	0	135	1	1.05	0.95;
	5	1	0	0	0	0.19	1	1	0	135	1	1.05	0.95;
	6	1	0	0	0	0	1	1	0	135	1	1.05	0.95;
	7	2	0	0	0	0	1	1	0	135	1	1.05	0.95;
	8	1	13.948896	13.948896	0	0	1	1	0	135	1	1.05	0.95;
	9	1	0	0	0	0	1	1	0	135	1	1.05	0.95;
	10	1	6.7419664	2.324816	0	0	3	1	0	135	1	1.05	0.95;
	11	1	0	0	0	0	1	1	0	135	1	1.05	0.95;
	12	1	13.0189696	8.71806	0	0	2	1	0	135	1	1.05	0.95;
	13	2	0	0	0	0	2	1	0	135	1	1.1	0.95;
	14	1	7.2069296	1.8598528	0	0	2	1	0	135	1	1.05	0.95;
	15	2	0	0	0	0	2	1	0	135	1	1.05	0.95;
	16	1	4.068428	2.0923344	0	0	2	1	0	135	1	1.05	0.95;
	17	1	10.461672	6.7419664	0	0	2	1	0	135	1	1.05	0.95;
	18	1	3.7197056	1.0461672	0	0	2	1	0	135	1	1.05	0.95;
	19	1	11.042876	3.9521872	0	0	2	1	0	135	1	1.05	0.95;
	20	1	2.5572976	0.8136856	0	0	2	1	0	135	1	1.05	0.95;
	21	1	3.39036344738	2.1698326063232	0	0	3	1	0	135	1	1.05	0.95;
% 	220	2	0	0	0	0	3	1	0	135	1	1.1	0.95;
    22	2	0	0	0	0	3	1	0	135	1	1.1	0.95;
	23	2	22.3182336	11.1591168	0	0	2	1	0	135	1	1.1	0.95;
	24	1	10.1129496	7.7881336	0	0.04	3	1	0	135	1	1.05	0.95;
	25	1	0	0	0	0	3	1	0	135	1	1.05	0.95;
	26	1	4.068428	2.6735384	0	0	3	1	0	135	1	1.05	0.95;
	27	2	0	0	0	0	3	1	0	135	1	1.1	0.95;
	28	1	0	0	0	0	1	1	0	135	1	1.05	0.95;
	29	1	2.7897792	1.0461672	0	0	3	1	0	135	1	1.05	0.95;
	30	2	0	0	0	0	3	1	0	135	1	1.05	0.95;
];
% mpc.bus = [
% 	1	3	0	0	0	0	1	1	0	230	1	1.05	0.95;
% 	2	2	5.04485072	0	0	0	1	1	0	230	1	1.1	0.95;
% 	3	1	22.3182336	0	0	0	1	1	0	230	1	1.05	0.95;
% 	4	1	8.8343008	0	0	0	1	1	0	230	1	1.05	0.95;
% 	5	1	0	0	0	0.19	1	1	0	230	1	1.05	0.95;
% 	6	1	0	0	0	0	1	1	0	230	1	1.05	0.95;
% 	7	2	0	0	0	0	1	1	0	230	1	1.05	0.95;
% 	8	1	13.948896	13.948896	0	0	1	1	0	230	1	1.05	0.95;
% 	9	1	0	0	0	0	1	1	0	230	1	1.05	0.95;
% 	10	1	6.7419664	2.324816	0	0	3	1	0	230	1	1.05	0.95;
% 	11	1	0	0	0	0	1	1	0	230	1	1.05	0.95;
% 	12	1	13.0189696	8.71806	0	0	2	1	0	230	1	1.05	0.95;
% 	13	2	0	0	0	0	2	1	0	230	1	1.1	0.95;
% 	14	1	7.2069296	1.8598528	0	0	2	1	0	230	1	1.05	0.95;
% 	15	2	0	0	0	0	2	1	0	230	1	1.05	0.95;
% 	16	1	4.068428	2.0923344	0	0	2	1	0	230	1	1.05	0.95;
% 	17	1	10.461672	6.7419664	0	0	2	1	0	230	1	1.05	0.95;
% 	18	1	3.7197056	1.0461672	0	0	2	1	0	230	1	1.05	0.95;
% 	19	1	11.042876	3.9521872	0	0	2	1	0	230	1	1.05	0.95;
% 	20	1	2.5572976	0.8136856	0	0	2	1	0	230	1	1.05	0.95;
% 	21	1	3.39036344738	2.1698326063232	0	0	3	1	0	230	1	1.05	0.95;
% 	220	2	0	0	0	0	3	1	0	230	1	1.1	0.95;
% 	23	2	22.3182336	11.1591168	0	0	2	1	0	230	1	1.1	0.95;
% 	24	1	10.1129496	7.7881336	0	0.04	3	1	0	230	1	1.05	0.95;
% 	25	1	0	0	0	0	3	1	0	230	1	1.05	0.95;
% 	26	1	4.068428	2.6735384	0	0	3	1	0	230	1	1.05	0.95;
% 	27	2	0	0	0	0	3	1	0	230	1	1.1	0.95;
% 	28	1	0	0	0	0	1	1	0	230	1	1.05	0.95;
% 	29	1	2.7897792	1.0461672	0	0	3	1	0	230	1	1.05	0.95;
% 	30	2	0	0	0	0	3	1	0	230	1	1.05	0.95;
% ];
% 在MATPOWER中，mpc.bus的每一列表示如下内容：
% bus_i：节点编号（int型）
% type：节点类型，取值为1、2或3，分别表示平衡节点、PV节点或PQ节点（int型）
% Pd：节点有功负荷（float型，单位为MW）
% Qd：节点无功负荷（float型，单位为MVar）
% Gs：节点有功支路导纳的实部（float型，单位为MW）
% Bs：节点无功支路导纳的虚部（float型，单位为MVar）
% area：节点所属区域（int型）
% Vm：节点电压幅值（float型，单位为p.u.）
% Va：节点电压相角（float型，单位为degree）
% baseKV：节点基准电压（float型，单位为kV）
% zone：节点所属电压等级区域（int型）
% Vmax：节点电压上限（float型，单位为p.u.）
% Vmin：节点电压下限（float型，单位为p.u.）
%% generator data
% has 9 generators, where the last three have negative PMIN to model the dispatchable loads.
% 前6行是发电商，后3行是可调度负荷，即售电商(因为能参与竞价)。   可调度负荷（dispatchable load）是指可以通过ISO进行调度的负荷，包括工业负荷、商业负荷、家庭负荷等。这些负荷可以根据市场需求、电网状态等因素进行灵活的调度。售电商可以被视为可调度负荷的一种，因为他们可以向ISO报价报量，并接受ISO的调度指令来调整其负荷。
% 将发电商和售电商一起存储在gen里面！！！666
% 第二列Pg，是初始有功出力，实际求解过程不太重要，会作为优化问题的起始点提供给优化器，不影响最终结果，但可能影响收敛速度。但是某些情形会用到：这是因为如果系统中没有足够的可调度发电容量，ISO可能需要调整系统的负荷来满足稳定性和供需平衡。在这种情况下，ISO会使用mpc.gen中的Pg列来指示哪些发电机应该按预设定值运行，哪些应该减少输出以保持稳定。此外，在某些情况下，ISO可能需要对发电机的出力进行调整，以满足网络规则和市场要求，这也需要使用mpc.gen中的Pg列。因此，即使发电商进行报价报量，mpc.gen(:,2)仍然是一个重要的变量。
%	bus	Pg	Qg	Qmax	Qmin	Vg	mBase	status	Pmax	Pmin
mpc.gen = [ %bus中的固定负荷差不多150
% 	1	23.54	0	60	-15	1	100	1	30	0; %30
% 	2	60.97	0	60	-15	1	100	1	60	0;
% 	220	21.59	0	60	-15	1	100	1	150	0; %60  120
% 	27	26.91	0	60	-15	1	100	1	100	0; %60
% 	23	19.2	0	60	-15	1	100	1	160	0; %60  30
% 	13	37	0	60	-15	1	100	1	60	0;
    
    1	23.54	0	60	-15	1	100	1	100	0; %30
	2	60.97	0	60	-15	1	100	1	80	0;
% 	220	21.59	0	60	-15	1	100	1	80	0; %60  120
    22	21.59	0	60	-15	1	100	1	80	0; %60  120
	27	26.91	0	60	-15	1	100	1	120	0; %60
	23	19.2	0	60	-15	1	100	1	50	0; %60  30
	13	37	0	60	-15	1	100	1	50	0;
    
	7	-30	-15	0	-15	1	100	1	0	-60; %30   60    这里python那边设置了自动传入最大需求量
	15	-30	-12	0	-12	1	100	1	0	-100; %30   120
	30	-10	-2.5	0	-7.5	1	100	1	0	-80;
    
%     7	-30	-15	0	-15	1	100	1	0	-35; %30   60    这里python那边设置了自动传入最大需求量
% 	15	-30	-12	0	-12	1	100	1	0	-60; %30   120
% 	30	-10	-2.5	0	-7.5	1	100	1	0	-50;

% 	7	-30	-15	0	-15	1	100	1	0	-60; %30   60
% 	15	-30	-12	0	-12	1	100	1	0	-100; %30   120
% 	30	-10	-2.5	0	-7.5	1	100	1	0	-80;
];
% mpc.gen = [
% 	1	20	0	0	0	1	100	1	60	0;
% 	2	20	0	0	0	1	100	1	60	0;
% 	220	20	0	0	0	1	100	1	60	0;
% 	27	20	0	0	0	1	100	1	60	0;
% 	23	20	0	0	0	1	100	1	60	0;
% 	13	20	0	0	0	1	100	1	60	0;
% 	7	-15   0	0	0	1	100	1	0	-30;
% 	15	-15   0	0	0	1	100	1	0	-30;
% 	30	-15   0	0	0	1	100	1	0	-30; %只要满足gen(:, PMIN) < 0 & gen(:, PMAX) == 0;，优化过程中的isload函数就会判断这个gen其实是个dispatchable
% ];
